!ConstantMap
  map:
    rho: 3775.0
    mu: 6.7526085e10
    lambda: 8.5289429e10
